1 2 1708 1682 1635 1645 1654 1654 1635 1682 1708 1709 1687 1543 1400 1288 1343 1687 1709 1708 
2 2 2700 2736 2782 2789 2796 2807 2829 2828 2838 2860 2895 2941 2987 2979 2885 2663 2676 2700 
9 2 2151 2092 2033 2033 2033 2033 2033 2092 2151 2211 2270 2302 2335 2335 2320 2270 2211 2151 
11 2 3580 3521 3462 3522 3522 3522 3462 3521 3580 3640 3699 3699 3699 3699 3699 3699 3640 3580 
12 2 749 725 712 877 998 1067 944 909 887 877 878 869 861 845 833 831 785 749 
13 2 1074 1073 1095 1382 1494 1439 1095 1073 1074 1100 1147 1142 1137 1128 1128 1147 1100 1074 
14 2 3699 3709 3708 3725 3741 3753 3755 3801 3837 3861 3874 3776 3679 3558 3519 3642 3677 3699 
15 2 2947 2888 2829 2829 2829 2829 2829 2888 2947 3007 3066 3046 3026 3036 3036 3066 3007 2947 
16 2 855 796 737 667 667 667 737 796 855 915 974 974 974 974 974 974 915 855 
17 2 821 843 878 970 962 868 646 659 683 719 765 768 772 779 790 812 811 821 
