1 2 1681 1665 1625 1625 1625 1625 1625 1665	 1681 1670 1634 1622 1617 1620 1634 1670 1681 
2 2 2630 2649 2681 2681 2681 2681 2681 2673	 2676 2694 2724 2706 2685 2660 2630 2624 2630 
9 2 2150 2091 2032 2032 2032 2032 2032 2091	 2150 2210 2269 2269 2269 2269 2269 2210 2150 
11 2 3590 3531 3472 3472 3472 3472 3472 3531	 3590 3650 3709 3709 3709 3709 3709 3650 3590 
12 2 838 832 838 867 893 915 932 902 		884 881 889 889 889 889 889 857 838 
13 2 1094 1105 1141 1153 1158 1155 1141 1105	 1094 1110 1150 1150 1150 1150 1150 1110 1094 
14 2 3558 3561 3553 3553 3553 3553 3553 3585	 3604 3610 3604 3575 3549 3527 3510 3540 3558 
15 2 2955 2896 2837 2837 2837 2837 2837 2896	 2955 3015 3074 3074 3074 3074 3074 3015 2955 
16 2 825 766 707 707 707 707 707 766	 	825 885 944 944 944 944 944 885 825 
17 2 652 670 700 682 661 636 606 600	 	606 625 657 657 657 657 657 649 652 
