434 466 508 469 437 436 483 405 329 358 335 844 1051 983 335 358 395 
148 204 266 263 264 281 323 323 323 332 361 538 525 364 -27 25 83 
-0 59 118 118 118 118 118 59 -0 -60 -119 -119 -119 -119 -119 -60 -0 
-0 59 118 118 118 118 118 59 -0 -60 -119 -119 -119 -119 -119 -60 -0 
-84 -26 26 -306 -526 -620 -362 -333 -313 -263 -243 -206 -173 -155 -160 -83 -7 
395 358 335 844 1051 983 335 358 395 466 508 469 437 436 483 405 329 
286 262 242 205 172 154 159 82 6 25 -27 305 525 619 361 332 312 
-0 59 118 118 118 118 118 59 -0 -60 -119 -119 -119 -119 -119 -60 -0 
-0 59 118 118 118 118 118 59 -0 -60 -119 -119 -119 -119 -119 -60 -0 
-313 -333 -362 -539 -526 -365 26 -26 -84 -205 -267 -264 -265 -282 -324 -324 -324 
