1 453 469 509 509 509 509 509 469 453 464 500 512 517 514 500 464 453 
2 203 222 254 254 254 254 254 246 249 267 297 279 258 233 203 197 203 
9 -0 59 118 118 118 118 118 59 -0 -60 -119 -119 -119 -119 -119 -60 -0 
11 -0 59 118 118 118 118 118 59 -0 -60 -119 -119 -119 -119 -119 -60 -0 
12 -204 -198 -204 -233 -259 -281 -298 -268 -250 -247 -255 -255 -255 -255 -255 -223 -204 
13 453 464 500 512 517 514 500 464 453 469 509 509 509 509 509 469 453 
14 249 246 254 254 254 254 254 222 203 197 203 232 258 280 297 267 249 
15 -0 59 118 118 118 118 118 59 -0 -60 -119 -119 -119 -119 -119 -60 -0 
16 -0 59 118 118 118 118 118 59 -0 -60 -119 -119 -119 -119 -119 -60 -0 
17 -250 -268 -298 -280 -259 -234 -204 -198 -204 -223 -255 -255 -255 -255 -255 -247 -250 
