1 43 49 54 60 65 69 73 76 78 79 80 85 91 96 100 104 108 110 112 113 114 20 -136 -292 -448 -603 -758 -912 -1065 -1217 -1367 -1513 -1539 -1565 -1591 -1617 -1643 -1669 -1695 -1721 -1747 -1773 -1773 -1773 -1773 -1773 -1773 -1773 -1773 -1773 -1773 -1773 -1637 -1501 -1364 -1228 -1092 -955 -819 -683 -546 -410 
2 -0 31 63 93 121 146 168 186 199 207 210 246 282 317 352 384 413 438 457 468 472 522 600 678 756 833 909 985 1060 1134 1205 1273 1101 944 800 667 546 435 333 241 155 77 144 211 278 345 412 480 547 614 681 748 694 640 585 531 476 422 368 313 259 204 
9 -0 -0 -0 -0 -0 -0 -0 -0 -0 -0 -0 -0 -0 -0 -0 -0 -0 -0 -0 -0 -0 -0 -0 -0 -0 -0 -0 -0 -0 -0 -0 -0 -0 -0 -0 -0 -0 -0 -0 -0 -0 -0 -0 -0 -0 -0 -0 -0 -0 -0 -0 -0 -0 -0 -0 -0 -0 -0 -0 -0 -0 -0 
11 -0 -0 -0 -0 -0 -0 -0 -0 -0 -0 -0 -0 -0 -0 -0 -0 -0 -0 -0 -0 -0 -0 -0 -0 -0 -0 -0 -0 -0 -0 -0 -0 -0 -0 -0 -0 -0 -0 -0 -0 -0 -0 -0 -0 -0 -0 -0 -0 -0 -0 -0 -0 -0 -0 -0 -0 -0 -0 -0 -0 -0 -0 
12 -44 -44 -44 -44 -44 -44 -44 -44 -44 -44 -44 -44 -44 -44 -44 -44 -44 -44 -44 -44 -44 0 78 156 234 312 391 469 547 625 704 782 908 1035 1161 1288 1415 1541 1668 1794 1921 2048 2048 2048 2048 2048 2048 2048 2048 2048 2048 2048 1966 1884 1802 1720 1638 1556 1474 1392 1310 1228 
13 43 49 54 60 65 69 73 76 78 79 80 85 91 96 100 104 108 110 112 113 114 20 -136 -292 -448 -603 -758 -912 -1065 -1217 -1367 -1513 -1539 -1565 -1591 -1617 -1643 -1669 -1695 -1721 -1747 -1773 -1773 -1773 -1773 -1773 -1773 -1773 -1773 -1773 -1773 -1773 -1637 -1501 -1364 -1228 -1092 -955 -819 -683 -546 -410 
14 43 43 43 43 43 43 43 43 43 43 43 43 43 43 43 43 43 43 43 43 43 -0 -79 -157 -235 -313 -392 -470 -548 -626 -705 -783 -909 -1036 -1162 -1289 -1416 -1542 -1669 -1795 -1922 -2048 -2048 -2048 -2048 -2048 -2048 -2048 -2048 -2048 -2048 -2048 -1967 -1885 -1803 -1721 -1639 -1557 -1475 -1393 -1311 -1229 
15 -0 -0 -0 -0 -0 -0 -0 -0 -0 -0 -0 -0 -0 -0 -0 -0 -0 -0 -0 -0 -0 -0 -0 -0 -0 -0 -0 -0 -0 -0 -0 -0 -0 -0 -0 -0 -0 -0 -0 -0 -0 -0 -0 -0 -0 -0 -0 -0 -0 -0 -0 -0 -0 -0 -0 -0 -0 -0 -0 -0 -0 -0 
16 -0 -0 -0 -0 -0 -0 -0 -0 -0 -0 -0 -0 -0 -0 -0 -0 -0 -0 -0 -0 -0 -0 -0 -0 -0 -0 -0 -0 -0 -0 -0 -0 -0 -0 -0 -0 -0 -0 -0 -0 -0 -0 -0 -0 -0 -0 -0 -0 -0 -0 -0 -0 -0 -0 -0 -0 -0 -0 -0 -0 -0 -0 
17 0 -32 -64 -94 -122 -147 -169 -187 -200 -208 -211 -247 -283 -318 -353 -385 -414 -439 -458 -469 -473 -523 -601 -679 -757 -834 -910 -986 -1061 -1135 -1206 -1274 -1102 -945 -801 -668 -547 -436 -334 -242 -156 -78 -145 -212 -279 -346 -413 -481 -548 -615 -682 -749 -695 -641 -586 -532 -477 -423 -369 -314 -260 -205 
