1   2   1739    1630 1651 1666 1663 1630  1739    1799 1395 1231 1290 1799  1739 
2   2   2610    2944 2691 2701 2720 2714  2839    2988 2906 2878 2732 2400  2610 
11  2   3590    3472 3472 3472 3472 3472  3590    3709 3709 3709 3709 3709  3590 
14  2   3495    3520 3498 3523 3539 3570  3724    3834 3548 3356 3269 3446  3495 
16  2   825     707 607 657 657 707       825     944 944 944 944 944       825 
13  2   1036    976 1380 1544 1485 976    1036    1145 1124 1109 1112 1145  1036 
17  2   815     964 882 854 708 376       586     820 627 637 656 690       815 
15  2   2965    2817 2807 2807 2807 2837  2955    3074 3074 3074 3074 3074  2905 
12  2   718     558 794 1086 1173 996     947     922 894 869 853 852       718 
9   2   2150    2002 2032 2032 2032 2032  2150    2269 2319 2319 2319 2269  2150 
