1 346 351 358 365 374 383 393 404 416 428 426 424 422 419 416 414 411 409 407 406 404 404 404 404 406 408 412 416 421 428 416 404 393 383 374 365 358 351 346 342 339 337 337 338 340 344 348 354 360 367 459 533 594 646 690 726 756 780 797 808 812 809 798 779 750 711 659 591 499 367 360 354 348 344 340 338 337 337 339 342 
2 110 117 124 133 141 150 160 170 180 191 192 193 195 196 197 198 199 200 201 203 204 206 208 211 214 218 222 226 231 237 235 234 233 232 232 232 233 234 236 238 241 245 249 254 260 266 273 281 289 297 334 361 382 397 408 414 417 416 412 404 392 377 359 336 310 279 242 198 143 70 71 72 74 77 80 83 87 92 97 103 
9 0 11 23 35 46 58 70 81 93 104 115 115 115 115 115 115 115 115 115 115 115 115 115 115 115 115 115 115 115 115 115 104 93 81 70 58 46 35 23 11 0 -12 -24 -36 -47 -59 -71 -82 -94 -105 -116 -116 -116 -116 -116 -116 -116 -116 -116 -116 -116 -116 -116 -116 -116 -116 -116 -116 -116 -116 -116 -105 -94 -82 -71 -59 -47 -36 -24 -12 -0 
11 0 11 23 35 46 58 70 81 93 104 115 115 115 115 115 115 115 115 115 115 115 115 115 115 115 115 115 115 115 115 115 104 93 81 70 58 46 35 23 11 0 -12 -24 -36 -47 -59 -71 -82 -94 -105 -116 -116 -116 -116 -116 -116 -116 -116 -116 -116 -116 -116 -116 -116 -116 -116 -116 -116 -116 -116 -116 -105 -94 -82 -71 -59 -47 -36 -24 -12 -0 
12 -98 -93 -88 -84 -81 -78 -75 -73 -72 -71 -126 -172 -213 -249 -282 -313 -340 -364 -386 -405 -420 -432 -439 -443 -441 -433 -418 -393 -356 -298 -290 -282 -274 -267 -261 -255 -250 -246 -242 -239 -237 -235 -234 -233 -233 -233 -234 -235 -236 -238 -234 -231 -228 -224 -220 -217 -213 -210 -207 -204 -201 -198 -196 -194 -192 -191 -191 -190 -191 -192 -181 -171 -161 -151 -142 -134 -125 -118 -111 -104 
13 339 337 337 338 340 344 348 354 360 367 459 533 594 646 690 726 756 780 797 808 812 809 798 779 750 711 659 591 499 367 360 354 348 344 340 338 337 337 339 342 346 351 358 365 374 383 393 404 416 428 426 424 422 419 416 414 411 409 407 406 404 404 404 404 406 408 412 416 421 428 416 404 393 383 374 365 358 351 346 342 
14 236 234 233 232 232 232 233 234 235 237 233 230 227 223 219 216 212 209 206 203 200 197 195 193 191 190 190 189 190 191 180 170 160 150 141 133 124 117 110 103 97 92 87 83 80 77 74 72 71 70 125 171 212 248 281 312 339 363 385 404 419 431 438 442 440 432 417 392 355 297 289 281 273 266 260 254 249 245 241 238 
15 0 11 23 35 46 58 70 81 93 104 115 115 115 115 115 115 115 115 115 115 115 115 115 115 115 115 115 115 115 115 115 104 93 81 70 58 46 35 23 11 0 -12 -24 -36 -47 -59 -71 -82 -94 -105 -116 -116 -116 -116 -116 -116 -116 -116 -116 -116 -116 -116 -116 -116 -116 -116 -116 -116 -116 -116 -116 -105 -94 -82 -71 -59 -47 -36 -24 -12 -0 
16 0 11 23 35 46 58 70 81 93 104 115 115 115 115 115 115 115 115 115 115 115 115 115 115 115 115 115 115 115 115 115 104 93 81 70 58 46 35 23 11 0 -12 -24 -36 -47 -59 -71 -82 -94 -105 -116 -116 -116 -116 -116 -116 -116 -116 -116 -116 -116 -116 -116 -116 -116 -116 -116 -116 -116 -116 -116 -105 -94 -82 -71 -59 -47 -36 -24 -12 -0 
17 -242 -246 -250 -255 -261 -267 -274 -282 -290 -298 -335 -362 -383 -398 -409 -415 -418 -417 -413 -405 -393 -378 -360 -337 -311 -280 -243 -199 -144 -71 -72 -73 -75 -78 -81 -84 -88 -93 -98 -104 -111 -118 -125 -134 -142 -151 -161 -171 -181 -192 -193 -194 -196 -197 -198 -199 -200 -201 -202 -204 -205 -207 -209 -212 -215 -219 -223 -227 -232 -238 -236 -235 -234 -233 -233 -233 -234 -235 -237 -239 
